Define CharList
 ( 'A', 'B', 'C', 'D', 'E', 'F', 'G', 'H', 'I', 'J', 'K', 'L', 'M', 'N', 'O', 'P',
   'Q', 'R', 'S', 'T', 'U', 'V', 'W', 'X', 'Y', 'Z', 'a', 'b', 'c', 'd', 'e', 'f',
   'g', 'h', 'i', 'j', 'k', 'l', 'm', 'n', 'o', 'p', 'q', 'r', 's', 't', 'u', 'v',
   'w', 'x', 'y', 'z', '0', '1', '2', '3', '4', '5', '6', '7', '8', '9', '~', '`',
   '!', '@', '#', '$', '%', '^', '&', '*', '(', ')', '-', '_', '=', '+', '[', '{',
   ']', '}', ';', ':',"'", '"', ',', '<', '.', '>', '/', '?');

Define WidthList
 (  42,  41,  37,  41,  37,  36,  41,  42,  17,  22,  38,  36,  54,  41,  40,  39,
    40,  40,  36,  33,  41,  41,  56,  41,  41,  37,  37,  37,  30,  37,  36,  19,
    37,  36,  16,  16,  35,  16,  51,  36,  37,  37,  37,  19,  33,  19,  36,  35,
    48,  33,  36,  36,  41,  41,  41,  41,  41,  40,  41,  41,  41,  41,  39,  25,
    18,  49,  47,  35,  61,  39,  47,  30,  21,  21,  22,  37,  45,  41,  17,  23,
    17,  23,  18,  17,  14,  25,  16,  38,  15,  38,  40,  36);

Define RectList
 ( (   0,  0, 63, 83), (  64,  0, 55, 83), ( 120,  0, 53, 83), ( 174,  0, 56, 83),
   ( 231,  0, 53, 83), ( 285,  0, 52, 83), ( 338,  0, 55, 83), ( 394,  0, 56, 83),
   ( 451,  0, 32, 83), ( 484,  0, 39, 83), ( 524,  0, 55, 83), ( 580,  0, 52, 83),
   ( 633,  0, 68, 83), ( 702,  0, 55, 83), ( 758,  0, 55, 83), ( 814,  0, 55, 83),
   ( 870,  0, 55, 83), ( 926,  0, 55, 83), ( 982,  0, 52, 83), (1035,  0, 52, 83),
   (1088,  0, 55, 83), (1144,  0, 63, 83), (1208,  0, 75, 83), (1284,  0, 62, 83),
   (1347,  0, 63, 83), (1411,  0, 54, 83), (1466,  0, 51, 83), (1518,  0, 51, 83),
   (1570,  0, 46, 83), (1617,  0, 51, 83), (1669,  0, 51, 83), (1721,  0, 37, 83),
   (1759,  0, 51, 83), (1811,  0, 51, 83), (1863,  0, 32, 83), (1896,  0, 38, 83),
   (1935,  0, 51, 83), (1987,  0, 31, 83), (2019,  0, 65, 83), (2085,  0, 51, 83),
   (2137,  0, 51, 83), (2189,  0, 51, 83), (2241,  0, 51, 83), (2293,  0, 37, 83),
   (2331,  0, 49, 83), (2381,  0, 37, 83), (2419,  0, 51, 83), (2471,  0, 57, 83),
   (2529,  0, 67, 83), (2597,  0, 54, 83), (2652,  0, 51, 83), (2704,  0, 53, 83),
   (2758,  0, 54, 83), (2813,  0, 32, 83), (2846,  0, 52, 83), (2899,  0, 52, 83),
   (2952,  0, 54, 83), (3007,  0, 52, 83), (3060,  0, 55, 83), (3116,  0, 53, 83),
   (3170,  0, 55, 83), (3226,  0, 55, 83), (3282,  0, 52, 83), (3335,  0, 40, 83),
   (3376,  0, 33, 83), (3410,  0, 66, 83), (3477,  0, 65, 83), (3543,  0, 52, 83),
   (3596,  0, 78, 83), (3675,  0, 52, 83), (3728,  0, 61, 83), (3790,  0, 46, 83),
   (3837,  0, 37, 83), (3875,  0, 37, 83), (3913,  0, 40, 83), (3954,  0, 58, 83),
   (4013,  0, 61, 83), (4075,  0, 57, 83), (4133,  0, 34, 83), (4168,  0, 39, 83),
   (4208,  0, 34, 83), (4243,  0, 39, 83), (4283,  0, 34, 83), (4318,  0, 33, 83),
   (4352,  0, 31, 83), (4384,  0, 41, 83), (4426,  0, 34, 83), (4461,  0, 57, 83),
   (4519,  0, 32, 83), (4552,  0, 57, 83), (4610,  0, 57, 83), (4668,  0, 52, 83));

Define OffsetList
 ( (-10, 0), (-7, 0), (-7, 0), (-7, 0), (-7, 0), (-7, 0), (-7, 0), (-7, 0),
   (-7, 0), (-8, 0), (-7, 0), (-7, 0), (-7, 0), (-7, 0), (-7, 0), (-7, 0),
   (-7, 0), (-7, 0), (-8, 0), (-10, 0), (-7, 0), (-10, 0), (-10, 0), (-10, 0),
   (-10, 0), (-9, 0), (-7, 0), (-7, 0), (-7, 0), (-7, 0), (-7, 0), (-7, 0),
   (-7, 0), (-7, 0), (-8, 0), (-12, 0), (-7, 0), (-7, 0), (-7, 0), (-7, 0),
   (-7, 0), (-7, 0), (-7, 0), (-7, 0), (-7, 0), (-7, 0), (-7, 0), (-10, 0),
   (-9, 0), (-10, 0), (-7, 0), (-8, 0), (-7, 0), ( 4, 0), (-6, 0), (-6, 0),
   (-7, 0), (-6, 0), (-7, 0), (-6, 0), (-7, 0), (-7, 0), (-6, 0), (-10, 0),
   (-7, 0), (-8, 0), (-9, 0), (-8, 0), (-9, 0), (-6, 0), (-7, 0), (-8, 0),
   (-7, 0), (-8, 0), (-9, 0), (-10, 0), (-8, 0), (-8, 0), (-7, 0), (-8, 0),
   (-8, 0), (-8, 0), (-9, 0), (-8, 0), (-8, 0), (-8, 0), (-9, 0), (-10, 0),
   (-8, 0), (-8, 0), (-9, 0), (-8, 0));

CreateLayer               Main;
LayerSetImage             Main 'ContinuumBold50Bold';
LayerSetAscent            Main 68;
LayerSetCharWidths        Main CharList WidthList;
LayerSetCharWidths        Main (' ') (20);
LayerSetImageMap          Main CharList RectList;
LayerSetCharOffsets       Main CharList OffsetList;
LayerSetAscentPadding     Main 0;
LayerSetLineSpacingOffset Main 0;
LayerSetPointSize         Main 50;

SetDefaultPointSize  50;
